0 0 883 0.0 0.0 0.0 0.0 0.0 0.0 0 0 0
1 603 861 0.0 0.0 0.0 0.0 0.0 0.0 0 0 0
2 589 831 0.0 0.0 0.0 0.0 0.0 0.0 0.0004448326 -0.04203318 2.625299
3 568 781 -0.013390307250280915 -0.033293878179683184 3.6311991691458063 -0.007116672456115578 -0.03383736194043911 3.631192587271876 0.002037581 -0.06302801 3.94173
4 573 703 -0.03411812073361919 -0.05883260095004576 4.9502566078000125 0.01246724729486828 -0.030156812084624472 4.9505095767484315 0.002777892 -0.08483761 5.261017
5 541 643 -0.09874212943814473 -0.11207855956909438 6.268325990931832 0.013480118920146389 -0.03482455092547049 6.271227366310222 0.004157928 -0.1014678 6.581638
6 558 619 -0.11728745037810182 -0.11915810727540449 7.595405046361207 -0.004336578629441496 -0.05280524704340851 7.598213473298292 0.007571022 -0.1165874 7.908775
7 574 598 -0.19733105490834454 -0.11716777824860605 8.923279303787037 -0.022150971619571986 -0.07116920858307609 8.928253471151361 0.008323818 -0.1328035 9.238962
8 595 563 -0.16882353369771966 -0.11239591213013833 10.253741599546437 -0.013221612922904686 -0.09631820664230324 10.258762082306914 0.007728339 -0.1497649 10.56963
9 596 536 -0.15002926165143282 -0.13559020610319344 11.58810824526115 -0.03475763563045622 -0.11833399214442172 11.59310725880558 0.006780918 -0.1634547 11.90426
10 576 501 -0.19471799312823024 -0.17984692904785332 12.924519343619346 -0.04331938534001967 -0.14597689598270225 12.93068452026417 0.003419395 -0.176748 13.24208
11 573 790 -0.14261736910918715 -0.1985685263416874 14.261921697094186 -0.048996462365241515 -0.17367944891829518 14.268933513413707 -0.001862182 -0.1959202 14.58048
12 584 752 -0.1940784704478792 -0.21397696239007705 15.61121531593342 -0.07041188271843758 -0.1848147529848543 15.619080290422474 -0.005851755 -0.2177602 15.93066
13 557 723 -0.26726256837703694 -0.2624101466320002 16.960053045800006 -0.089582254956143 -0.219403246876485 16.97019132951428 -0.004267715 -0.236414 17.28222
14 539 651 -0.27668092750026485 -0.28397832669211986 18.312437690245076 -0.09537194480560515 -0.2648438766910103 18.32200483257748 0.000482789 -0.2537475 18.63469
15 555 576 -0.20765674663424705 -0.3187203672588766 19.662341902782966 -0.12652493928381098 -0.28464237060790254 19.673615072449973 0.005006086 -0.2699101 19.9867
16 539 806 -0.21249802638741044 -0.3372679690379492 21.016975207761615 -0.1264295903513381 -0.310464968722559 21.028137876545188 0.004134686 -0.2931092 21.34127
17 490 773 -0.26519264065197923 -0.35231299043923664 22.380674078646134 -0.1158688031407728 -0.3601920770636792 22.39199027690334 -0.0007654745 -0.3222297 22.70575
18 481 741 -0.28077033380582656 -0.3813352368032094 23.746864132253997 -0.10838144226454799 -0.38928481083422345 23.75824712323712 -0.007369324 -0.3468119 24.0721
19 496 717 -0.2506376810059809 -0.4339773961343843 25.122283992421956 -0.13145121513071703 -0.41415935607514015 25.13458574727817 -0.009719264 -0.3687424 25.44868
20 535 656 -0.2883659597146248 -0.4696660580206337 26.493051838025995 -0.14345715910553747 -0.4288399157462488 26.506205931082892 -0.005061181 -0.3871399 26.8203
21 541 618 -0.3378386438252436 -0.48127815913509564 27.866739231177235 -0.14627562016059734 -0.4549343448942757 27.880582363692522 0.001962273 -0.4099385 28.19472
22 538 561 -0.2997645705963007 -0.4768160986612769 29.241800596249348 -0.18127538735428528 -0.4790775677722937 29.255520698249875 0.005281593 -0.4328977 29.57012
23 541 507 -0.2959294322598063 -0.5002263606517022 30.62156836314892 -0.192747995942505 -0.4967679165660604 30.635331290338257 0.007939024 -0.4591179 30.94984
24 522 769 -0.2972711104030546 -0.5198570670185623 32.007141083844886 -0.22088720442358606 -0.5178646271360204 32.020597345224 0.006827076 -0.4850133 32.33531
25 521 720 -0.341775299541306 -0.5420534748034034 33.389005257702486 -0.25183380770110875 -0.5525558137476398 33.40257445345612 0.008305167 -0.5122367 33.7178
26 497 702 -0.3754438669430469 -0.5655737598275463 34.781773302326044 -0.28381975886379085 -0.5830471825064312 34.79524698414037 0.0101734 -0.543116 35.11083
27 477 654 -0.33864377754908537 -0.6099434893544758 36.17800044036326 -0.3150978524759825 -0.6124629431045686 36.19200377555315 0.0121194 -0.5746233 36.50789
28 483 583 -0.37780179615709514 -0.640475846405716 37.57535019577463 -0.33730043117244335 -0.6321354848315669 37.589920779812644 0.01511478 -0.5999006 37.90589
29 483 566 -0.42970707654479784 -0.7048476035812623 38.96877547266067 -0.35551528475417815 -0.6626493647236429 38.98534509010749 0.01696851 -0.6238526 39.30156
30 485 539 -0.46122893707036683 -0.7480187824768514 40.37070948320206 -0.38331284881373967 -0.6896241080107015 40.387763004620794 0.01942949 -0.643712 40.70437
31 453 526 -0.45295219443851487 -0.8039165393020832 41.77646360272463 -0.494908954918934 -0.6532021857878744 41.78974640713493 0.01916344 -0.6707246 42.111
32 441 512 -0.46390195962895225 -0.8269948220440309 43.18400813647008 -0.47828109123722884 -0.6785709401550964 43.197195894477176 0.02134431 -0.694132 43.51858
33 433 889 -0.48361643522036135 -0.8281899424792545 44.593707885963475 -0.5343879503570331 -0.6915674145826859 44.60585716838039 0.02622364 -0.7178581 44.92821
34 414 866 -0.45675692013415514 -0.8458090080544185 46.006568896610155 -0.5533560203041662 -0.7222334854144872 46.018623215838424 0.03086036 -0.739025 46.34127
35 406 805 -0.4566195421151479 -0.8931360704905386 47.42172241383318 -0.5791909979195566 -0.7580522059989734 47.43387899491427 0.03408031 -0.7610315 47.75704
36 405 741 -0.47973771965654144 -0.9137358722801586 48.844160684930316 -0.5750731849700449 -0.784373991149966 48.85640479232231 0.03359221 -0.7839856 49.17963
37 401 701 -0.5300899191263372 -0.986831555741494 50.26410513815836 -0.5845100141022538 -0.8301547675613966 50.27835262538522 0.03175532 -0.805635 50.60218
38 389 684 -0.5751536587590622 -1.0420671425704415 51.68860854074135 -0.5979666696205712 -0.8507265756000677 51.70442673769104 0.02895795 -0.8265408 52.02831
39 389 660 -0.6294176493577911 -1.0511578660327328 53.116527665453525 -0.5747981342719894 -0.8782191042573145 53.13295312123647 0.02536977 -0.8453836 53.45716
40 386 607 -0.6400494886562315 -1.0857632098645935 54.54371693685965 -0.5885785601644392 -0.9039710642634452 54.560302664503084 0.02082938 -0.8668316 54.88464
41 413 560 -0.5925622800045415 -1.128806683413772 55.9743880277151 -0.5780779508359779 -0.9222529863070813 55.99225345078743 0.0168087 -0.88688 56.3166
42 420 536 -0.614509534087797 -1.1626590082492885 57.402868010885754 -0.5809873059391655 -0.9476234889100564 57.4210748523028 0.0132291 -0.9072442 57.7455
43 452 784 -0.6585107597558457 -1.2004497788689967 58.829952978230736 -0.6589716065144787 -0.9621742827837391 58.847133223298805 0.01007535 -0.9249469 59.17365
44 436 705 -0.6713983519118492 -1.2443715508128073 60.25888957620035 -0.6789945831878387 -1.0011895250162481 60.27613004078229 0.006524255 -0.9446035 60.60318
45 425 647 -0.6821554650090175 -1.2920734755852705 61.68296763541102 -0.6757400526740845 -1.035656648433627 61.70062677060264 0.00276421 -0.9647484 62.02795
46 400 600 -0.7026574472623598 -1.3453895230440454 63.10604420783257 -0.7135163864238898 -1.0677886923015487 63.12398559519091 -0.001308243 -0.98781 63.45198
47 421 579 -0.6916733253769307 -1.404895546520512 64.52479125291019 -0.7270295246704019 -1.0624366230750484 64.54394811093906 -0.002873604 -1.008175 64.87187
48 437 574 -0.7054163177700625 -1.4500263910652431 65.94170284224407 -0.7204682187242978 -1.1195924020573857 65.96047706622063 -0.005953934 -1.0297 66.2894
49 453 554 -0.7044126788271196 -1.4941132213736414 67.35487948252121 -0.6824594234685355 -1.159787130480863 67.37325892758952 -0.01002031 -1.050203 67.70311
50 453 546 -0.7072234814308694 -1.4977814335675037 68.76795968845786 -0.7276125990369069 -1.15516127406311 68.78561752829631 -0.0193644 -1.076075 69.11593
51 443 528 -0.7525553470514533 -1.5355389284394219 70.18098669892194 -0.7672638164159062 -1.1662502806075208 70.19927616943106 -0.02702275 -1.097831 70.53
52 429 791 -0.7511168750648779 -1.552443976709724 71.59083554107896 -0.7955037475796986 -1.1767820621401077 71.6089049132696 -0.03513442 -1.118231 71.93978
53 421 744 -0.7615548672275972 -1.6001287198521645 72.99019456034206 -0.8527232443585802 -1.2132569224690593 73.00746987956694 -0.0421465 -1.135987 73.33986
54 412 704 -0.7752048027422714 -1.6345073290706966 74.39241139479257 -0.9026454367302706 -1.2392705554610064 74.40904446764107 -0.04677589 -1.153311 74.74245
55 425 676 -0.7905801116856852 -1.6622597896190183 75.79432144615257 -0.90382816789649 -1.2350139512021143 75.81130652366446 -0.05327678 -1.177226 76.1445
56 400 643 -0.7918615447686009 -1.6982950064030755 77.1903001170369 -0.8591092219479464 -1.1955321286872747 77.2064760581826 -0.05458511 -1.197942 77.54079
57 402 625 -0.80551743977846 -1.742990828512545 78.58383248050433 -0.8744546388944633 -1.2291285997363308 78.6003026052556 -0.05287325 -1.218035 78.93496
58 438 589 -0.8139870315189344 -1.785734825810813 79.97376825423859 -0.8808695358033978 -1.2469812989935838 79.99079186038217 -0.0495425 -1.236655 80.32545
59 451 580 -0.8430501840981575 -1.8209212302281257 81.35868556157865 -0.9570885384411378 -1.2205807610182726 81.37411119202446 -0.04883212 -1.258287 81.71095
60 479 544 -0.8470966809801556 -1.875063651026219 82.74403205983623 -0.9105013691845938 -1.2836028541798306 82.75830429543728 -0.04838807 -1.278676 83.09721
61 448 535 -0.8652290681291013 -1.9053775146009497 84.13021320482397 -0.9572158363943937 -1.285963398158526 84.14414630190609 -0.05269073 -1.300031 84.48367
62 445 529 -0.8675524492920369 -1.9154209062763825 85.51229591229799 -1.0218976969453712 -1.2853416134525026 85.52475296146359 -0.06072004 -1.320245 85.86562
63 442 522 -0.8774286719386187 -1.936558952276799 86.89690342680427 -1.046907210173433 -1.2780564452302356 86.9093120163839 -0.07518042 -1.343695 87.25015
64 447 511 -0.8864688504948032 -1.9800458535945356 88.27529351633781 -1.089706347571866 -1.3536151271282062 88.2856808600325 -0.0843762 -1.362982 88.62909
65 448 659 -0.8693183102108106 -1.999797209950904 89.6525040929622 -1.118951277496836 -1.3719367845651398 89.66270746849673 -0.09813229 -1.38264 90.00634
66 477 656 -0.8964853517302401 -2.006964148886594 91.02128399249746 -1.1185847330695642 -1.404467079709624 91.03138912325556 -0.1110475 -1.399781 91.37524
67 466 639 -0.9286252040979945 -2.062471134536487 92.38604925891934 -1.1379044392845634 -1.4036647630847305 92.39752393843214 -0.1283351 -1.418059 92.74128
68 458 615 -0.9285247865809393 -2.1306517664353293 93.7466773877445 -1.146548089651189 -1.4286836011719406 93.75960207813235 -0.1454603 -1.435964 94.10339
69 446 578 -0.9421193629391929 -2.1713692843428407 95.10373577815565 -1.1560489601040536 -1.4223970539622643 95.11729144486578 -0.1697048 -1.45619 95.46076
70 431 534 -0.9222166844019851 -2.22567006016907 96.4558806350715 -1.172230237244532 -1.4497330541475741 96.47029969107724 -0.1913409 -1.476213 96.81382
71 455 521 -0.9127503486529148 -2.2577908853828315 97.80740609357767 -1.1445842470194587 -1.4732044227923007 97.82175343353153 -0.2120314 -1.496478 98.16545
72 478 509 -0.9491356080999586 -2.332494201539373 99.15487850023422 -1.16010447607052 -1.4774383043810722 99.17168956386789 -0.2344056 -1.517683 99.51513
73 484 713 -0.9404278535118173 -2.3732464224131498 100.49958898096332 -1.1366901212022713 -1.467038534044972 100.51680162546047 -0.2485715 -1.534999 100.8603
74 468 700 -0.9154805259121838 -2.407231863872538 101.84435377187354 -1.157850152261693 -1.4853924495387796 101.86193548836371 -0.2694021 -1.556018 102.2054
75 480 676 -0.9321436554106486 -2.4460437531893544 103.18443857589453 -1.167536795568668 -1.5019793875220957 103.20254816435734 -0.2867601 -1.575247 103.5459
76 488 635 -0.9342410614332707 -2.48507981231198 104.52275805313731 -1.1676866120840843 -1.5138071709353904 104.54138621180213 -0.3053256 -1.596046 104.8845
77 495 588 -0.9143322351938062 -2.501761714052539 105.85895493671663 -1.1972849846890308 -1.5404287249644677 105.87724248704106 -0.3153955 -1.613299 106.2208
78 509 562 -0.8890456169268401 -2.5344191027191827 107.20318843761693 -1.216707880906978 -1.5736194406185915 107.22156043698351 -0.3343086 -1.638432 107.5653
79 500 516 -0.8792923454350802 -2.5412623280330466 108.54453159100154 -1.23994745701702 -1.591442023532494 108.56263675427861 -0.3508131 -1.661275 108.9064
80 475 664 -0.8231891358746553 -2.596956410806251 109.88083453333388 -1.2863307568054465 -1.618852118553846 109.9001913254482 -0.3737761 -1.686739 110.2446
81 441 639 -0.8508164161788194 -2.634925544842541 111.21237001927406 -1.3037681007435293 -1.6427136799219635 111.2322266992277 -0.3943149 -1.710102 111.5766
82 449 567 -0.8709427634390885 -2.6652942308833394 112.54062695469096 -1.3096921724879487 -1.6548352933377333 112.56091469318685 -0.4137129 -1.733997 112.905
83 429 557 -0.8821776410342395 -2.6678286390875403 113.86435352239694 -1.3254790392755673 -1.6767105355524652 113.88441645758508 -0.4219683 -1.753986 114.2286
84 433 544 -0.9002813661902822 -2.717047937327132 115.19500817741711 -1.3427586726677996 -1.6974076546048547 115.21583117082935 -0.4295899 -1.775004 115.5601
85 447 529 -0.9130402338309398 -2.7569944339571397 116.52739275190133 -1.3553673763400083 -1.7300290451200375 116.5484166394176 -0.4334779 -1.79423 116.893
86 480 509 -0.9134998643871022 -2.779425623950202 117.86171973150381 -1.3650690857971968 -1.7597227148622163 117.88256656384539 -0.4334151 -1.811794 118.2274
87 486 728 -0.9194931335964259 -2.8103525092257904 119.19532467793371 -1.4136339635575021 -1.755680216505626 119.21565307848205 -0.4306137 -1.825847 119.5613
88 481 677 -0.9016993293478739 -2.865063582481487 120.53745112117942 -1.3700093959006165 -1.8101000422804168 120.55720020412662 -0.4334146 -1.846322 120.9045
89 463 641 -0.8997147417407175 -2.9160596565038137 121.90090589924625 -1.409249865821572 -1.816003359053769 121.92103260085226 -0.4472932 -1.880929 122.2684
90 481 620 -0.9002281728612055 -2.9611102416259416 123.25629801920383 -1.3595288125032097 -1.8690819715095892 123.27522169231294 -0.4560744 -1.91003 123.6242
91 511 589 -0.8976815810966744 -2.9957091983790236 124.61550694452298 -1.3383750508056838 -1.8930892871661942 124.63449673540255 -0.4622549 -1.940325 124.9835
92 514 581 -0.8947797869890364 -3.004803254368693 125.96932369930208 -1.3170964915338077 -1.9362058248055758 125.9874930823604 -0.4641329 -1.966295 126.3371
93 520 546 -0.8929967387128279 -3.0499344244943356 127.32457010615896 -1.325142183780196 -1.9587504238182682 127.3432806147445 -0.4708495 -2.006026 127.6925
94 519 539 -0.8374851147276288 -3.066056019942247 128.6808238706366 -1.3299958941190726 -1.9916620946119703 128.70035798295845 -0.4718094 -2.038343 129.0496
95 528 530 -0.8314195665863922 -3.0868167404325817 130.0385010447803 -1.3820031162535111 -2.0197438959588654 130.05692046543368 -0.47428 -2.073189 130.407
96 538 522 -0.831078372814957 -3.1090959230834727 131.38727981177968 -1.3943885755794965 -2.0413613055680537 131.40565317753797 -0.4701254 -2.099489 131.7557
97 564 510 -0.8012207883166372 -3.149154513781905 132.74065908134645 -1.4046846336988155 -2.072283896215457 132.75956211018772 -0.4656937 -2.127702 133.1097
98 566 503 -0.7986725616801539 -3.180503817216914 134.09245237907282 -1.3960133551025484 -2.085366854159981 134.11163016957 -0.4651028 -2.162932 134.4614
99 578 982 -0.7970971956339683 -3.2279269197194895 135.44528532130644 -1.3734234265429397 -2.115185749141623 135.46477795553108 -0.4661197 -2.198388 135.8146
100 570 967 -0.7732430445250799 -3.249094019527612 136.79119808009762 -1.3620311858791019 -2.137453932359693 136.81083611392734 -0.4644953 -2.226309 137.1606
101 571 954 -0.7500347315042211 -3.278820524272425 138.14277337288615 -1.4034246343957197 -2.167589703467401 138.16196766957754 -0.4645723 -2.254854 138.5124
102 574 920 -0.7361282446865797 -3.3359578944275197 139.49196033729532 -1.3720461627834923 -2.2071316718997442 139.51149179260287 -0.4641807 -2.281749 139.8626
103 585 856 -0.7367720462019965 -3.391492755517067 140.8415280181419 -1.3724188504997539 -2.2226348936071076 140.86211275041552 -0.4674418 -2.314866 141.2129
104 574 792 -0.744186508218421 -3.4535159982347317 142.18965553709518 -1.2954743850058439 -2.284540350552258 142.20806851784386 -0.4704574 -2.341886 142.5622
105 574 752 -0.7387282757211208 -3.4987148751132042 143.53683568452055 -1.32028818912841 -2.3251939644345425 143.55517602624602 -0.474702 -2.367455 143.9099
106 539 713 -0.6884701353550884 -3.5413794940391807 144.88341132053228 -1.3243641387448686 -2.3484003171950043 144.90315857276056 -0.4789013 -2.395024 145.2578
107 513 684 -0.6909610779265212 -3.582584095063929 146.2264502901448 -1.32662491554283 -2.4007041733508077 146.2458115038481 -0.4813925 -2.426593 146.6011
108 532 641 -0.6448392543620154 -3.6187259711007194 147.57837343184698 -1.3326713721865622 -2.4342180491859358 147.59857530413655 -0.484415 -2.462969 147.9538
109 526 604 -0.6371816179617846 -3.6395989389386636 148.92764894111477 -1.358291135708855 -2.443550561874549 148.94775848369946 -0.4832843 -2.489366 149.303
110 506 548 -0.6260408720656327 -3.6949590868332214 150.27189266020423 -1.333336432965587 -2.485440862973603 150.29230394741214 -0.4887986 -2.518617 150.6481
111 510 516 -0.6232772104813791 -3.7411189498764115 151.6149997224423 -1.3351646167102629 -2.5054988040326123 151.63605589184235 -0.4979854 -2.545628 151.9917
112 507 500 -0.6263736946658541 -3.7687728062431547 152.96089310920374 -1.35513047738595 -2.568218457213582 152.98062680556419 -0.5139897 -2.581792 153.3373
113 524 891 -0.5595775935479403 -3.8318120091377152 154.30511007870066 -1.3034105771889313 -2.608068594817346 154.3263949653028 -0.5203405 -2.611885 154.6843
114 533 771 -0.5259555508868383 -3.898642009302203 155.65195882994593 -1.3142651251313493 -2.6343087164334467 155.6750208897949 -0.5188374 -2.641449 156.0329
115 504 689 -0.502781698483899 -3.955597434353155 157.00081003119024 -1.325538098995493 -2.6622204911865905 157.02493731826982 -0.510487 -2.666163 157.3829
116 493 620 -0.48100895122049264 -3.987898118748435 158.34948732390575 -1.3184609107746659 -2.688422190493376 158.37390403801592 -0.4996047 -2.68915 158.7319
117 478 596 -0.4706978627127143 -4.01397501352849 159.69610710311423 -1.337396993891652 -2.7296781966956516 159.7200505825836 -0.4908894 -2.711383 160.0786
118 482 565 -0.4467523271989531 -4.0523854136708986 161.04600064790995 -1.3618034985834406 -2.7428279753342517 161.07041821239474 -0.4848759 -2.73678 161.429
119 478 524 -0.45614566331487016 -4.111799936293826 162.3946706600421 -1.392150652851595 -2.75866463962844 162.41999495055316 -0.4836516 -2.760604 162.7788
120 428 520 -0.4306684073508388 -4.123034845343203 163.7453640425353 -1.4408528851428768 -2.742819812343029 163.77000419544072 -0.4767803 -2.787254 164.1295
121 420 595 -0.3727591250090497 -4.1667610222676705 165.0948410100501 -1.4353230081415669 -2.7800475572785457 165.1209065105065 -0.468784 -2.810667 165.4807
122 434 578 -0.3924448547377689 -4.2211972509877596 166.45216413959827 -1.4272753146706862 -2.828101151474673 166.47858946159388 -0.4599264 -2.835558 166.839
123 407 548 -0.33976826885495276 -4.2530257161784455 167.81206877191815 -1.4164656683720662 -2.8585580690233225 167.8395023943791 -0.449484 -2.861986 168.2
124 413 516 -0.3578670691890432 -4.308424047777961 169.1712600550621 -1.4255829805376279 -2.881572737949304 169.19971733530764 -0.4424438 -2.88656 169.5602
125 410 725 -0.34403531253212805 -4.358607758724688 170.53014955592 -1.4406762310017756 -2.9100232478613486 170.55922208342534 -0.4389717 -2.91424 170.9198
126 410 696 -0.3301858201080323 -4.434714563977479 171.89266420192476 -1.4697948674359052 -2.9317697153958613 171.9234469222938 -0.4111543 -2.932731 172.2841
127 406 639 -0.3548724891906405 -4.4660814553967745 173.26126332719178 -1.4880451699109358 -2.9565902866521636 173.29228136987737 -0.388112 -2.960771 173.6528
128 437 579 -0.3154769578308235 -4.513276839281867 174.63646704201565 -1.5230434562867634 -2.9826461339279633 174.66816686009452 -0.3779301 -2.986448 175.0291
129 458 561 -0.29583465555127403 -4.542794294477877 176.01581983842945 -1.5279890179883209 -2.992091313042781 176.0479340749484 -0.3588782 -3.008539 176.4086
130 467 799 -0.2869096096735359 -4.589629126812037 177.3917267789596 -1.5411944859387114 -3.0068582396082095 177.42452429010277 -0.3405308 -3.013913 177.7852
131 470 731 -0.2398533800023086 -4.606324329707106 178.76648304094823 -1.4804847121783897 -2.9603889614854824 178.79806086696857 -0.3214042 -3.022953 179.1607
132 529 681 -0.16043308198215445 -4.640044358415287 180.14522713347463 -1.4618514737410855 -3.0161450480299985 180.1782506937637 -0.3136545 -3.041123 180.542
133 524 669 -0.14767966305266816 -4.682790242441592 181.52407310139796 -1.483497673914501 -3.016562095142795 181.55764814614778 -0.3089995 -3.0621 181.9214
134 479 647 -0.14121624270717376 -4.727357077202952 182.91199643250755 -1.5061815867377426 -3.0531258720647494 182.9456350632035 -0.3140564 -3.088158 183.3098
135 432 605 -0.13651904773455759 -4.733867002737756 184.30632911611406 -1.5331888449578868 -3.076880745603674 184.33952687727336 -0.3186558 -3.114466 184.7039
136 415 547 -0.10067628463607867 -4.757379146031904 185.70136901006416 -1.5610409091501714 -3.1292888137995654 185.73396278012774 -0.3141305 -3.137555 186.0994
137 399 530 -0.08829362249366278 -4.780817043186147 187.10078736525037 -1.6270834110043348 -3.1706142224568437 187.13146233172873 -0.3087277 -3.164478 187.4988
138 432 513 -0.0873188924505199 -4.820714574486463 188.5020288979675 -1.6402067291953035 -3.2055502018319206 188.53277523468037 -0.3089327 -3.193945 188.9003
139 451 797 -0.0353780724798169 -4.8548153820502655 189.90543273362132 -1.7153590317640093 -3.214497579915202 189.93551366918186 -0.3070211 -3.221858 190.3048
140 461 768 -0.04936418449494113 -4.927937373642024 191.31176120950664 -1.7715889334703867 -3.216523561907847 191.34268683287587 -0.3030042 -3.25053 191.7128
141 492 736 -0.07761488120033827 -5.020153504770496 192.71729089899097 -1.8517507743644117 -3.206875947469447 192.74920616353816 -0.3007558 -3.281162 193.1213
142 490 706 -0.0716263670880858 -5.1035397616687685 194.13361170031823 -1.9091667014897002 -3.2368023150422793 194.1665140222087 -0.2979338 -3.314135 194.5397
143 520 671 -0.07571044561196581 -5.141401267336453 195.55292707029943 -1.9266138966491912 -3.262526283845636 195.58599990293587 -0.2945301 -3.344375 195.9592
144 511 633 -0.029036083267253765 -5.197933642908567 196.97330449463985 -1.93683654472337 -3.285559009120587 197.00804470679995 -0.2955048 -3.384557 197.3809
145 493 606 -0.03571850518094559 -5.267922142027393 198.3921968767822 -1.9533293561990002 -3.311921770209441 198.42833750368044 -0.2998637 -3.419365 198.8011
146 483 552 -0.05322312904769304 -5.328597180601568 199.81492620464377 -2.0030868536832407 -3.343511729844092 199.85124750730486 -0.3150034 -3.471363 200.2242
147 430 520 -0.06457175993288866 -5.367373765075518 201.2482265786309 -2.0367237689733564 -3.3721922441659666 201.2844356886077 -0.3321987 -3.515079 201.6573
148 419 675 -0.07838186091496531 -5.424475206781362 202.68518981291191 -2.0600388322617142 -3.401568625526187 202.72211022279527 -0.3485808 -3.555576 203.0948
149 442 627 -0.09788176455300573 -5.470484005302117 204.1222379991157 -2.099990725385789 -3.4175828655625553 204.1593826171613 -0.3518432 -3.580327 204.5325
150 471 602 -0.10660110341460423 -5.4952089599209994 205.56010000617974 -2.1512393410894104 -3.4538997140329823 205.5961112510776 -0.3481359 -3.604083 205.9704
151 476 583 -0.10374829953312294 -5.5611348622810315 207.0067109745365 -2.139938318262672 -3.4568407466696613 207.04417937588119 -0.3438313 -3.628674 207.4183
152 485 569 -0.11021890994453398 -5.598992112387371 208.45597325598462 -2.135397863245331 -3.5081500270520642 208.49303511149733 -0.342198 -3.650886 208.8679
153 447 523 -0.09620543122666872 -5.660956118399678 209.91007565592034 -2.1257991310568425 -3.5323965649721085 209.948290991013 -0.3429638 -3.67436 210.3232
154 458 504 -0.11396639118270065 -5.718380542660462 211.37095719396117 -2.1560168252998877 -3.5599609286474534 211.4098363995442 -0.347951 -3.708945 211.7849
155 436 618 -0.1518826367120852 -5.778816162601741 212.82999257853595 -2.274931229754609 -3.571492103611558 212.8657212698863 -0.3533161 -3.741769 213.2453
156 450 607 -0.17335336903532636 -5.830519948343661 214.29828019488656 -2.3251237524661486 -3.5765934525888543 214.33420943294297 -0.3575809 -3.778065 214.7142
157 457 573 -0.18208912087813234 -5.880734275708515 215.7699439035714 -2.3347597982840234 -3.6109847171940044 215.8063222856254 -0.3574839 -3.809987 216.1864
158 453 549 -0.20468931627591666 -5.948564835063801 217.24356017807872 -2.335429826464802 -3.6336456520611877 217.28149777050865 -0.3559812 -3.837087 217.6615
159 428 522 -0.23169868875536115 -6.00078700353055 218.72311416999383 -2.351846866928185 -3.672192369996661 218.76162658496767 -0.3604882 -3.867619 219.1419
160 443 500 -0.2609864957754438 -6.040187160400905 220.19996051240588 -2.4118670206481156 -3.6879282316969624 220.23798535941964 -0.3669047 -3.899694 220.6192
161 474 662 -0.2749226644729067 -6.094046440699493 221.685402252117 -2.469182840548969 -3.7075567360908495 221.72323342609153 -0.3711882 -3.93317 222.1053
162 450 639 -0.2639906759953259 -6.179796646392408 223.16726344225376 -2.5262572667252803 -3.718916204720344 223.2064726735938 -0.3755068 -3.961696 223.5894
163 454 617 -0.30969666514253524 -6.279740479873293 224.65298380189296 -2.5962283904361567 -3.7203156723093866 224.69460737101818 -0.3771503 -3.990503 225.0789
164 452 585 -0.2841001208757191 -6.320763967112396 226.14263684948776 -2.6194081932684483 -3.743030834494698 226.18469160687187 -0.3787707 -4.017067 226.5691
165 463 569 -0.3016604533436762 -6.33639056719326 227.63387525981636 -2.625169239419216 -3.7910362871776377 227.6753313484613 -0.3785266 -4.048136 228.0602
166 475 544 -0.2901909194015943 -6.389835105330427 229.1240164714703 -2.673380204946246 -3.858029805818715 229.16418871933269 -0.3786614 -4.075078 229.5511
167 494 537 -0.3144390086797783 -6.441609211180742 230.61741613173328 -2.672292291312116 -3.9050258482365265 230.6579428027028 -0.3766086 -4.099044 231.0454
168 453 522 -0.3227254077584931 -6.526742908857522 232.1118966558929 -2.7168042506866343 -3.9492088781622514 232.15355471537316 -0.3745701 -4.124994 232.5421
169 435 500 -0.3486569089616348 -6.583947511958501 233.60655170860093 -2.766787439621656 -4.011540379170378 233.64739372971246 -0.3739626 -4.153624 234.0378
170 398 829 -0.3642181738535087 -6.6453567956238695 235.1067731418031 -2.8101270315200964 -4.054349669986405 235.14771591048512 -0.3764692 -4.186333 235.539
171 365 813 -0.39378422506825095 -6.709413735683317 236.6111023645057 -2.8635779489808737 -4.0670524264036105 236.652696140466 -0.3784077 -4.220226 237.0446
172 397 785 -0.43305258238615435 -6.748809953967979 238.11574133552799 -2.8842321999480145 -4.09049138518439 238.15803879785295 -0.3814943 -4.253315 238.5499
173 421 763 -0.4555979991020319 -6.827838665942564 239.62424556107945 -2.919607765494428 -4.123384239740035 239.66800749326333 -0.3829065 -4.285388 240.0603
174 396 744 -0.4884915095178351 -6.915604377681746 241.132528575238 -2.908549810599323 -4.148980026208648 241.1789426445297 -0.3820924 -4.315103 241.5712
175 403 721 -0.5182563484121367 -6.976444218351565 242.6474536772213 -2.924682613998849 -4.187952442237544 242.6947943456897 -0.3818797 -4.347138 243.0873
176 418 695 -0.582042179317871 -7.0630047011920825 244.15864211617995 -2.9862288160941013 -4.206403659387716 244.20844009851615 -0.3796393 -4.377646 244.602
177 445 660 -0.6029296991862076 -7.137274228676541 245.6780272620724 -2.986986526566532 -4.240676619444121 245.72939646305838 -0.377078 -4.404696 246.1231
178 422 628 -0.6371742285052076 -7.18781796094396 247.20165737725415 -3.0303694166892625 -4.275498486105123 247.25323419949734 -0.3721572 -4.432022 247.6477
179 413 595 -0.6266983572526491 -7.2433635184334 248.72133684446868 -3.0618282954782603 -4.266551280801336 248.77361277813208 -0.3683885 -4.458219 249.1682
180 409 561 -0.6412651579557508 -7.315152094125719 250.2480547770247 -3.0670452348477597 -4.298700882729384 250.3017399402198 -0.3658944 -4.487063 250.6964
181 412 545 -0.6727213796244332 -7.379627076807183 251.77426469505897 -3.073298937332974 -4.3439381974484155 251.82895233793724 -0.3629857 -4.511301 252.2241
182 408 511 -0.6405659824874269 -7.4630336223994185 253.3047544472955 -3.095036350612553 -4.3647848438663015 253.36175447954284 -0.3598899 -4.535745 253.757
183 455 1143 -0.6933031422143899 -7.51631347302363 254.83459061769804 -3.127254291685182 -4.390898681455996 254.8928647729345 -0.3565283 -4.558441 255.2885
184 454 1079 -0.6329983110984592 -7.564502777617816 256.36738381705106 -3.1430312797467486 -4.429868089812481 256.4270245904164 -0.3518994 -4.58494 256.823
185 457 924 -0.7276547932347696 -7.607126480023863 257.9023144347883 -3.24574436383274 -4.45071042603076 257.9618875322659 -0.3474488 -4.611578 258.3612
186 475 853 -0.7258064372667953 -7.672818195622316 259.4402453688515 -3.2658901978293042 -4.473528136342967 259.5009209540392 -0.3407995 -4.637604 259.9003
187 492 759 -0.773928338573099 -7.750000606817424 260.9726583126644 -3.272236883374614 -4.498490799048807 261.03581471498876 -0.3346776 -4.662237 261.4352
188 466 594 -0.754798193833979 -7.785953789522161 262.51022122862264 -3.309720842866377 -4.531590825623485 262.57310377542467 -0.3291338 -4.686551 262.9731
189 467 833 -0.7248629894305955 -7.851494996731055 264.0470146112642 -3.347942084768084 -4.54473368333988 264.1110543823021 -0.3253738 -4.715745 264.5113
190 470 713 -0.7239603170283018 -7.902023947572416 265.5924286708748 -3.3863746447868475 -4.56029923535768 265.6567384565079 -0.3249046 -4.748173 266.0572
191 456 647 -0.7330222098992636 -7.961074222336255 267.1327002111773 -3.40817025043927 -4.600914410561643 267.19747880771416 -0.3208179 -4.788372 267.5981
192 429 594 -0.7466705753278735 -8.008024504329052 268.6719557040789 -3.404095078560804 -4.635713691733866 268.7371120375095 -0.3173943 -4.824679 269.1377
193 415 510 -0.7293806554451765 -8.02285030210561 270.2117433409384 -3.496495655750252 -4.646412163320734 270.274256268958 -0.3166024 -4.866052 270.6771
194 438 500 -0.6962999870819976 -8.06796443754817 271.752661420437 -3.5180914018718945 -4.699769070740121 271.8151147334971 -0.3155943 -4.906588 272.2185
195 453 813 -0.7179321964479048 -8.129778133542716 273.29829079198896 -3.5402385182833873 -4.72198615635061 273.3618128119986 -0.3140401 -4.950219 273.7649
196 434 797 -0.7318967042939817 -8.184628383985636 274.8400083107973 -3.520174747057657 -4.779846631190862 274.90335297553287 -0.3112309 -4.987626 275.3072
197 434 760 -0.7662035431984671 -8.257232187642035 276.38510421027576 -3.5630668799474554 -4.792501831255736 276.44988772164544 -0.3114206 -5.039836 276.8535
198 417 714 -0.7630376792444001 -8.342520627262129 277.92504707202664 -3.545060572835492 -4.857136265280276 277.9907336973768 -0.3062026 -5.082755 278.3952
199 408 697 -0.7435736478693826 -8.427713434814512 279.4733426166733 -3.6062663251136393 -4.870927195438371 279.5402237498399 -0.3011292 -5.134136 279.9451
200 392 664 -0.7471759116757661 -8.524207073176617 281.02153913434483 -3.623179613050685 -4.903853831666746 281.09098686301905 -0.2897536 -5.172038 281.4958
201 389 636 -0.7648824247494531 -8.568089062002615 282.5753398616552 -3.6063101389288317 -4.922439393369046 282.6453053141345 -0.2764899 -5.210037 283.0498
202 395 614 -0.7910940402037387 -8.650741915970308 284.1240258568107 -3.5586711606317665 -4.974919958966132 284.19479657665454 -0.2599233 -5.24169 284.6005
203 414 602 -0.7832754430497738 -8.719955353158895 285.6678472884001 -3.542777294954595 -5.010541913018727 285.7396961541051 -0.2447296 -5.277598 286.1454
204 418 598 -0.7918359960499955 -8.792546983178775 287.22117702103355 -3.555942717107146 -5.045678154452506 287.29429198656356 -0.2301583 -5.316244 287.6999
205 447 598 -0.7815498882285432 -8.863956239418751 288.77374365540965 -3.493304184438159 -5.112748338765514 288.8458222778148 -0.2170805 -5.355148 289.2536
206 489 593 -0.7736830681307876 -8.927662556427935 290.3295714554289 -3.5042091378886404 -5.160031445160961 290.40221744448615 -0.2045251 -5.390475 290.8103
207 484 584 -0.8004803095583328 -9.005655578554657 291.8867136385484 -3.6277171378640416 -5.18616894296881 291.956423153924 -0.1926927 -5.424878 292.3692
208 475 574 -0.8264580778713528 -9.073896276125335 293.4478929180714 -3.6335398487461132 -5.223346012370208 293.51885598179604 -0.1828271 -5.462578 293.9316
209 450 539 -0.833686752163586 -9.141982806108382 295.0160155999199 -3.709281006050596 -5.273839251092365 295.0858309288065 -0.1753107 -5.502144 295.5007
210 483 514 -0.7962186987487596 -9.225821090269287 296.5854696085975 -3.7491396290352603 -5.291836365104508 296.6573607542737 -0.1681708 -5.542654 297.0723
211 496 503 -0.780627487526736 -9.296270708727855 298.16205353602925 -3.8599646090391575 -5.359667856323527 298.2302370454837 -0.1571664 -5.573209 298.6502
212 533 1509 -0.7830658560497464 -9.375471123241244 299.7469228105142 -3.8833143701792574 -5.391120516506543 299.8166023209889 -0.1498301 -5.605662 300.2367
213 528 1493 -0.7841394053632109 -9.441868613844884 301.330274023239 -3.808289284858686 -5.3825589728845475 301.3995453959752 -0.1436567 -5.638056 301.8211
214 544 1478 -0.8154024889868978 -9.483272271139406 302.9217526812413 -3.8138214279205633 -5.401625262242954 302.9917457081581 -0.1362308 -5.674045 303.413
215 556 1452 -0.8391137893537791 -9.536850470345193 304.51751859427185 -3.836834129627407 -5.438111339461466 304.58800410832856 -0.1245796 -5.704927 305.0095
216 594 1407 -0.9181562875058983 -9.573042893071795 306.11470652158584 -3.8857108241890987 -5.455768588898928 306.186711765596 -0.1113075 -5.740563 306.6086
217 612 1354 -0.8668091010496873 -9.595211582617832 307.71715428883465 -3.901347221594741 -5.490706700279768 307.7896782850727 -0.1009905 -5.775938 308.2116
218 613 1327 -0.9280200254288404 -9.672163574996143 309.32208581924897 -3.85011111172652 -5.533809384273734 309.39622446349097 -0.0964999 -5.821106 309.8189
219 653 1274 -0.9021550352672052 -9.736443472318209 310.93534657510014 -3.8467854208877426 -5.574414826566014 311.0104584326299 -0.09324941 -5.863046 311.4331
220 670 1240 -0.9300486022300513 -9.771491490094752 312.5467479979399 -3.8384485627537206 -5.608815495594609 312.6220936428822 -0.09658434 -5.907766 313.0445
221 687 1189 -0.9899162638436353 -9.834876393712017 314.16873995143965 -3.8741422434971406 -5.669334953499526 314.2449069520775 -0.106523 -5.952029 314.6682
222 692 1117 -1.0022763852564165 -9.89435082047149 315.79516581027764 -3.8248372493584215 -5.670007601077639 315.87171967007384 -0.1079811 -5.990688 316.2953
223 704 1052 -1.052499083756044 -9.978642701382663 317.4215435443985 -3.8651380071227033 -5.713151817563823 317.4999845134527 -0.1086696 -6.032426 317.9241
224 704 971 -1.0895014160727623 -10.032076448363544 319.04904519234543 -3.8685229068468585 -5.709675446152303 319.1287762156906 -0.1058419 -6.068362 319.5525
225 677 942 -1.0704681163513974 -10.100316588518146 320.67776048447627 -3.891249027427704 -5.739055283315857 320.75860836491916 -0.1039698 -6.106845 321.1823
226 658 895 -1.0242882385759406 -10.16526683092005 322.3078259185847 -3.92085461787269 -5.767267860905483 322.39010828648054 -0.1009179 -6.143404 322.8139
227 634 793 -1.0514982292506039 -10.242486277231228 323.9321043845541 -3.9752468987918426 -5.785037985775559 324.0154419334379 -0.09883113 -6.185282 324.4397
228 584 737 -1.0712351455342775 -10.303591038250516 325.5598022450884 -4.119315660748584 -5.82269719022144 325.63758546562616 -0.09648438 -6.224088 326.0682
229 582 685 -1.0854008002222781 -10.361276968295769 327.1887351857813 -4.117877819324966 -5.854051695044463 327.2672988407973 -0.09411052 -6.268819 327.6976
230 563 658 -1.1086045943764078 -10.45069539750977 328.8131480841801 -4.216780508085985 -5.887067074057089 328.8909920319314 -0.08496956 -6.305428 329.3242
231 552 638 -1.1799162396449752 -10.493937330140367 330.4380570894824 -4.1925989385653635 -5.945751866260286 330.5168013189822 -0.07442718 -6.342113 330.9508
232 547 629 -1.2186380845761406 -10.548721472339176 332.0555791132022 -4.273968640537926 -5.969829705880804 332.13348849032053 -0.06421231 -6.372244 332.5694
233 542 611 -1.2962700960841256 -10.618686617188976 333.67264101233377 -4.390577367568273 -6.053554672215693 333.74755279236064 -0.05844895 -6.413497 334.1893
234 563 602 -1.2886645808021726 -10.687170723249642 335.2847050681429 -4.3881765924710985 -6.1011239987744315 335.3603856516883 -0.05434961 -6.45078 335.8024
235 535 600 -1.2893046288969894 -10.740035091965465 336.891685652489 -4.364733743466507 -6.147698008961619 336.9673899902052 -0.04949748 -6.492551 337.4097
236 552 585 -1.3103755117029434 -10.808241934630518 338.5019965023101 -4.421986119897236 -6.207690772450637 338.57714780499043 -0.04548042 -6.532188 339.0211
237 593 541 -1.2950690971804022 -10.87277955413066 340.1087087307946 -4.460198383551744 -6.2514731521940465 340.1841781413402 -0.04257007 -6.571397 340.6287
238 578 509 -1.3928936716989604 -10.908085395830899 341.7231516023654 -4.484457318306663 -6.297669735537167 341.8011256714647 -0.03930296 -6.601811 342.2462
239 591 1157 -1.437758363329581 -10.9809467047119 343.3277023037339 -4.528229607380026 -6.327419140160489 343.40708442678283 -0.03681003 -6.628918 343.8528
240 606 1121 -1.4171005678524988 -11.035401000420542 344.9265207214078 -4.567634885140907 -6.357639771080824 345.00619239220606 -0.03514659 -6.652782 345.4525
241 551 980 -1.3441583998131477 -11.088404505361984 346.5270759238484 -4.620993698841364 -6.386494874330615 346.6081371813579 -0.0345479 -6.677644 347.0554
242 549 900 -1.409855166129214 -11.113064360484003 348.12552924638356 -4.593774875134886 -6.404584675504301 348.2077962364732 -0.03707175 -6.708152 348.6551
243 600 828 -1.4257337861176393 -11.176262209685166 349.7225714308776 -4.609335434582982 -6.445150571745808 349.80557660774514 -0.04156332 -6.737239 350.2532
244 604 737 -1.4604633715528887 -11.242466770528704 351.3158589371159 -4.674437844368718 -6.479227573257086 351.39892361945476 -0.05261018 -6.773059 351.8478
245 581 642 -1.5138248510373746 -11.298665056275125 352.9129486462988 -4.742708871719342 -6.518943230567001 352.99594051585274 -0.06277075 -6.805862 353.4464
246 569 569 -1.5501166240679622 -11.369740523210805 354.50294111504263 -4.766358769345295 -6.559341703371641 354.5872461154122 -0.07506606 -6.843564 355.0379
247 554 510 -1.5535039063552125 -11.445153890507617 356.094564494144 -4.8245524714902 -6.590468937257027 356.1792914096459 -0.08570356 -6.882552 356.6308
248 527 1035 -1.5937428008618864 -11.513536081702183 357.6841108711606 -4.8690543264398904 -6.630906965352351 357.7696804589606 -0.09729989 -6.921763 358.2218
249 497 975 -1.664969056697449 -11.555852554890752 359.2731254565307 -4.911069601198499 -6.689699509289152 359.3592116380844 -0.1091014 -6.958715 359.8125
250 481 895 -1.717447049515426 -11.61439457330838 360.86287257502136 -4.953682180899401 -6.747650887109445 360.9492754148745 -0.1223014 -6.995935 361.4037
251 440 831 -1.7591536624676714 -11.655709609361296 362.44757391769906 -5.009061571833263 -6.815261279898654 362.53265366314594 -0.1322206 -7.034017 362.989
252 443 742 -1.7970967048622346 -11.71453832179741 364.0442385759577 -5.062653433709337 -6.882223122062155 364.1285491944512 -0.1419952 -7.072717 364.5867
253 447 670 -1.7754829933499408 -11.76501116155299 365.6409431030149 -5.124523145447623 -6.928750203432229 365.72432091254615 -0.1552999 -7.112398 366.1838
254 425 598 -1.8640193787432398 -11.791554282500346 367.2359813520805 -5.1954034421684465 -6.953012935720206 367.3202775373167 -0.1668615 -7.146884 367.7811
255 429 579 -1.9077107934857176 -11.875294742550851 368.8393482558616 -5.227015225099969 -7.008356247093609 368.9251590424685 -0.1858911 -7.18829 369.3866
256 425 563 -1.9292262115955126 -11.937205861762223 370.42721326905803 -5.257241113686254 -7.060080897242611 370.5132466207393 -0.2029185 -7.225081 370.9753
257 418 523 -1.9852499768651934 -12.002869713470417 372.0657478725135 -5.336987233582207 -7.112296232863446 372.1512820799113 -0.2229981 -7.26884 372.6154
258 415 506 -2.0400882396873374 -12.056561561152792 373.6743339045805 -5.376619336475558 -7.166938440097751 373.7602825764143 -0.2378134 -7.306808 374.2253
259 446 805 -2.092217947122914 -12.101915395726039 375.229130953657 -5.408051149383009 -7.216144014659304 375.31551863344686 -0.2519893 -7.344936 375.7811
260 456 747 -2.14832811986585 -12.13665499130056 376.8343782670689 -5.446392556324664 -7.265954780352168 376.920891783944 -0.2625878 -7.379336 377.3873
261 467 688 -2.143227764588428 -12.173568987181625 378.43994810336625 -5.450143865917792 -7.311634053934141 378.5262398731711 -0.2704012 -7.414418 378.9929
262 476 653 -2.1681699778959453 -12.236405560178023 380.0531095750614 -5.477594321531572 -7.372753933072333 380.13942656897945 -0.2783585 -7.448411 380.6071
263 451 609 -2.247086210855154 -12.3119239478138 381.66295203349523 -5.5355920811943875 -7.431448431838886 381.75085908551887 -0.2877925 -7.485057 382.2202
264 434 568 -2.2502135819524307 -12.391165273811767 383.28205512236354 -5.511182057149106 -7.483896364300343 383.37087055019606 -0.2960866 -7.522079 383.8408
265 429 530 -2.269192778946275 -12.45555092874795 384.8914917526034 -5.509494792213201 -7.551035534368596 384.98030569154764 -0.3039652 -7.558709 385.4512
266 402 748 -2.281880909509984 -12.519604412376239 386.50723567464786 -5.525041794691254 -7.597877862174913 386.59661517493424 -0.3110174 -7.596748 387.0678
267 415 645 -2.289333988381605 -12.596201783573605 388.12368913246405 -5.499205209865581 -7.63657042020693 388.2142306557524 -0.3164538 -7.631598 388.6857
268 450 593 -2.281913862991299 -12.676831263713371 389.742203086748 -5.560446336037337 -7.692959458009984 389.83262905924306 -0.3206582 -7.664429 390.3059
269 431 543 -2.3112795168925757 -12.756213065915073 391.37031706905964 -5.786359889917448 -7.718760800746925 391.447007053529 -0.3238003 -7.696195 391.9359
270 421 525 -2.3674215743574343 -12.82131463370951 392.9904262695103 -5.783727948524573 -7.805565241937975 393.0670694066514 -0.3237896 -7.731691 393.5579
